00000000: 00111100 00100001 01000100 01001111 01000011 01010100  <!DOCT
00000006: 01011001 01010000 01000101 00100000 01101000 01110100  YPE ht
0000000c: 01101101 01101100 00111110 00001010 00111100 01101000  ml>.<h
00000012: 01110100 01101101 01101100 00111110 00001010 00100000  tml>. 
00000018: 00111100 01101000 01100101 01100001 01100100 00111110  <head>
0000001e: 00001010 00100000 00100000 00111100 01110100 01101001  .  <ti
00000024: 01110100 01101100 01100101 00111110 00100000 01010101  tle> U
0000002a: 01101110 01110000 01110010 01100101 01100100 01101001  npredi
00000030: 01100011 01110100 01100001 01100010 01101100 01100101  ctable
00000036: 00100000 00111100 00101111 01110100 01101001 01110100   </tit
0000003c: 01101100 01100101 00111110 00001010 00100000 00111100  le>. <
00000042: 00101111 01101000 01100101 01100001 01100100 00111110  /head>
00000048: 00001010 00111100 01101000 00110010 00111110 00100000  .<h2> 
0000004e: 01000001 01101110 01110101 01110010 01100001 01100111  Anurag
00000054: 00100000 00111100 01101001 00111110 00100000 01100010   <i> b
0000005a: 01100101 01111001 01101111 01101110 01100100 00100000  eyond 
00000060: 01101001 01101101 01100001 01100111 01101001 01101110  imagin
00000066: 01100001 01110100 01101001 01101111 01101110 00100000  ation 
0000006c: 00111100 00101111 01101001 00111110 00100000 00111100  </i> <
00000072: 00101111 01101000 00110010 00111110 00001010 00100000  /h2>. 
00000078: 00111100 01100010 01101111 01100100 01111001 00111110  <body>
0000007e: 00001010 00100000 00100000 00100000 00111100 01110000  .   <p
00000084: 00111110 00100000 01001101 01111001 01110011 01100101  > Myse
0000008a: 01101100 01100110 00100000 01001001 00100000 01100001  lf I a
00000090: 01101101 00100000 01000001 01101110 01110101 01110010  m Anur
00000096: 01100001 01100111 00100000 01100011 01110101 01110010  ag cur
0000009c: 01110010 01100101 01101110 01110100 01101100 01111001  rently
000000a2: 00100000 01100100 01101111 01101001 01101110 01100111   doing
000000a8: 00100000 01101101 01111001 00100000 01000010 01100001   my Ba
000000ae: 01100011 01101000 01101100 01101111 01110010 00100000  chlor 
000000b4: 01101111 01100110 00100000 01010100 01100101 01100011  of Tec
000000ba: 01101000 01101110 01101111 01101100 01101111 01100111  hnolog
000000c0: 01111001 00100000 00100000 01101001 01101110 00100000  y  in 
000000c6: 01010101 01001111 01001000 00100000 01101001 01101110  UOH in
000000cc: 00100000 01110100 01101000 01100101 00100000 01100110   the f
000000d2: 01101001 01100101 01101100 01100100 00100000 01101111  ield o
000000d8: 01100110 00100000 01100011 01101111 01101101 01110000  f comp
000000de: 01110101 01110100 01100101 01110010 00100000 01110011  uter s
000000e4: 01100011 01101001 01100101 01101110 01100011 01100101  cience
000000ea: 00111100 00101111 01110000 00111110 00001010 00100000  </p>. 
000000f0: 00100000 00100000 00111100 01110000 00111110 00100000    <p> 
000000f6: 01001101 01111001 00100000 01001000 01101111 01100010  My Hob
000000fc: 01100010 01101001 01100101 01110011 00100000 01100001  bies a
00000102: 01110010 01100101 00111010 00100000 00100000 00111100  re:  <
00000108: 00101111 01110000 00111110 00001010 00111100 01101101  /p>.<m
0000010e: 01100001 01110010 01110001 01110101 01100101 01100101  arquee
00000114: 00100000 01100010 01100101 01101000 01100001 01110110   behav
0000011a: 01101001 01101111 01110010 00111101 00100010 01100001  ior="a
00000120: 01101100 01110100 01100101 01110010 01101110 01100001  lterna
00000126: 01110100 01100101 00100010 00100000 01100100 01101001  te" di
0000012c: 01110010 01100101 01100011 01110100 01101001 01101111  rectio
00000132: 01101110 00111101 00100010 01110010 01101001 01100111  n="rig
00000138: 01101000 01110100 00100010 00100000 01101111 01101110  ht" on
0000013e: 01101101 01101111 01110101 01110011 01100101 01101111  mouseo
00000144: 01110110 01100101 01110010 00111101 00100010 01110100  ver="t
0000014a: 01101000 01101001 01110011 00101110 01110011 01110100  his.st
00000150: 01101111 01110000 00101000 00101001 00111011 00100010  op();"
00000156: 00100000 01101111 01101110 01101101 01101111 01110101   onmou
0000015c: 01110011 01100101 01101111 01110101 01110100 00111101  seout=
00000162: 00100010 01110100 01101000 01101001 01110011 00101110  "this.
00000168: 01110011 01110100 01100001 01110010 01110100 00101000  start(
0000016e: 00101001 00111011 00100010 00111110 00100000 00111100  );"> <
00000174: 01100101 01101101 00111110 00100000 00111100 01100010  em> <b
0000017a: 00111110 00100000 00111100 01100110 01101111 01101110  > <fon
00000180: 01110100 00100000 01100011 01101111 01101100 01101111  t colo
00000186: 01110010 00111101 00100010 01110010 01100101 01100100  r="red
0000018c: 00100010 00111110 00100000 01010011 01101011 01100001  "> Ska
00000192: 01110100 01101001 01101110 01100111 00100000 00111100  ting <
00000198: 00101111 01100110 01101111 01101110 01110100 00111110  /font>
0000019e: 00100000 00111100 00101111 01100010 00111110 00100000   </b> 
000001a4: 00111100 00101111 01100101 01101101 00111110 00100000  </em> 
000001aa: 00111100 00101111 01101101 01100001 01110010 01110001  </marq
000001b0: 01110101 01100101 01100101 00111110 00001010 00111100  uee>.<
000001b6: 01101101 01100001 01110010 01110001 01110101 01100101  marque
000001bc: 01100101 00100000 01100010 01100101 01101000 01100001  e beha
000001c2: 01110110 01101001 01101111 01110010 00111101 00100010  vior="
000001c8: 01100001 01101100 01110100 01100101 01110010 01101110  altern
000001ce: 01100001 01110100 01100101 00100010 00100000 01100100  ate" d
000001d4: 01101001 01110010 01100101 01100011 01110100 01101001  irecti
000001da: 01101111 01101110 00111101 00100010 01110010 01101001  on="ri
000001e0: 01100111 01101000 01110100 00100010 00100000 01101111  ght" o
000001e6: 01101110 01101101 01101111 01110101 01110011 01100101  nmouse
000001ec: 01101111 01110110 01100101 01110010 00111101 00100010  over="
000001f2: 01110100 01101000 01101001 01110011 00101110 01110011  this.s
000001f8: 01110100 01101111 01110000 00101000 00101001 00111011  top();
000001fe: 00100010 00100000 01101111 01101110 01101101 01101111  " onmo
00000204: 01110101 01110011 01100101 01101111 01110101 01110100  useout
0000020a: 00111101 00100010 01110100 01101000 01101001 01110011  ="this
00000210: 00101110 01110011 01110100 01100001 01110010 01110100  .start
00000216: 00101000 00101001 00111011 00100010 00111110 00100000  ();"> 
0000021c: 00111100 01100101 01101101 00111110 00100000 00111100  <em> <
00000222: 01100010 00111110 00100000 00111100 01100110 01101111  b> <fo
00000228: 01101110 01110100 00100000 01100011 01101111 01101100  nt col
0000022e: 01101111 01110010 00111101 00100010 01100111 01110010  or="gr
00000234: 01100101 01100101 01101110 00100010 00111110 00100000  een"> 
0000023a: 01010010 01100101 01100001 01100100 01101001 01101110  Readin
00000240: 01100111 00100000 01000010 01101111 01101111 01101011  g Book
00000246: 01110011 00100000 00111100 00101111 01100110 01101111  s </fo
0000024c: 01101110 01110100 00111110 00100000 00111100 00101111  nt> </
00000252: 01100010 00111110 00100000 00111100 00101111 01100101  b> </e
00000258: 01101101 00111110 00100000 00111100 00101111 01101101  m> </m
0000025e: 01100001 01110010 01110001 01110101 01100101 01100101  arquee
00000264: 00111110 00001010 00111100 01101101 01100001 01110010  >.<mar
0000026a: 01110001 01110101 01100101 01100101 00100000 01100010  quee b
00000270: 01100101 01101000 01100001 01110110 01101001 01101111  ehavio
00000276: 01110010 00111101 00100010 01100001 01101100 01110100  r="alt
0000027c: 01100101 01110010 01101110 01100001 01110100 01100101  ernate
00000282: 00100010 00100000 01100100 01101001 01110010 01100101  " dire
00000288: 01100011 01110100 01101001 01101111 01101110 00111101  ction=
0000028e: 00100010 01110010 01101001 01100111 01101000 01110100  "right
00000294: 00100010 00100000 01101111 01101110 01101101 01101111  " onmo
0000029a: 01110101 01110011 01100101 01101111 01110110 01100101  useove
000002a0: 01110010 00111101 00100010 01110100 01101000 01101001  r="thi
000002a6: 01110011 00101110 01110011 01110100 01101111 01110000  s.stop
000002ac: 00101000 00101001 00111011 00100010 00100000 01101111  ();" o
000002b2: 01101110 01101101 01101111 01110101 01110011 01100101  nmouse
000002b8: 01101111 01110101 01110100 00111101 00100010 01110100  out="t
000002be: 01101000 01101001 01110011 00101110 01110011 01110100  his.st
000002c4: 01100001 01110010 01110100 00101000 00101001 00111011  art();
000002ca: 00100010 00111110 00100000 00111100 01100101 01101101  "> <em
000002d0: 00111110 00100000 00111100 01100010 00111110 00100000  > <b> 
000002d6: 00111100 01100110 01101111 01101110 01110100 00100000  <font 
000002dc: 01100011 01101111 01101100 01101111 01110010 00111101  color=
000002e2: 00100010 01100010 01101100 01110101 01100101 00100010  "blue"
000002e8: 00111110 00100000 01010111 01100001 01110100 01100011  > Watc
000002ee: 01101000 01101001 01101110 01100111 00100000 01001101  hing M
000002f4: 01101111 01110110 01101001 01100101 01110011 00100000  ovies 
000002fa: 00111100 00101111 01100110 01101111 01101110 01110100  </font
00000300: 00111110 00100000 00111100 00101111 01100010 00111110  > </b>
00000306: 00100000 00111100 00101111 01100101 01101101 00111110   </em>
0000030c: 00100000 00111100 00101111 01101101 01100001 01110010   </mar
00000312: 01110001 01110101 01100101 01100101 00111110 00001010  quee>.
00000318: 00100000 00111100 00101111 01100010 01101111 01100100   </bod
0000031e: 01111001 00111110 00001010 00111100 00101111 01101000  y>.</h
00000324: 01110100 01101101 01101100 00111110 00001010 00001010  tml>..
0000032a: 00111100 01110011 01110100 01111001 01101100 01100101  <style
00000330: 00111110 00001010 01100010 01101111 01100100 01111001  >.body
00000336: 00100000 01111011 00001010 00001001 01100010 01100001   {..ba
0000033c: 01100011 01101011 01100111 01110010 01101111 01110101  ckgrou
00000342: 01101110 01100100 00101101 01101001 01101101 01100001  nd-ima
00000348: 01100111 01100101 00111010 00100000 01110101 01110010  ge: ur
0000034e: 01101100 00101000 00100010 01100010 01100111 00110100  l("bg4
00000354: 00101110 01101010 01110000 01100101 01100111 00100010  .jpeg"
0000035a: 00101001 00111011 00001010 00001001 01100010 01100001  );..ba
00000360: 01100011 01101011 01100111 01110010 01101111 01110101  ckgrou
00000366: 01101110 01100100 00101101 01110011 01101001 01111010  nd-siz
0000036c: 01100101 00111010 00100000 00110001 00110011 00110101  e: 135
00000372: 00110000 01110000 01111000 00100000 00110001 00110100  0px 14
00000378: 00110000 00110000 01110000 01111000 00111011 00001010  00px;.
0000037e: 00100000 00100000 00100000 00100000 00100000 01111101       }
00000384: 00001010 00111100 00101111 01110011 01110100 01111001  .</sty
0000038a: 01101100 01100101 00111110 00001010 00001010           le>..
